gene_id	0148a96e-972e-4762-9a75-ee2791dc3d95	02438862-cd89-48db-a2d0-1f07678d5673	08096d6f-0f8c-4107-b86a-61eb10feaddd	18dd389b-b0b7-43f7-877f-0fb8e3471af0	1cc55d09-ac11-4cd5-a970-879d884ba666	26490a5f-6d48-4864-a1ab-7caa14924c73	2B0BABA1-90EF-47AD-9910-44B522F7182D	2BC6743C-DC3D-4693-B5D2-F55381712D7F	2C8CB0D0-2E13-4EC6-B097-F82645D47B2E	2a2472eb-3407-495a-b7c0-d4a73c99e669	34dda809-a7af-411f-ab80-b021b077eaf9	39BC85C4-E9AC-40E3-8932-7AA4AFB27B84	44a2e59d-3084-49eb-9516-aac67072ff12	47039a8f-de54-4ff9-84e2-6c1cdcd97dc0	4ab212b1-2a55-4850-8610-8a3c96ed0c1b	4bdf2f0f-68b6-494f-95ec-659f5a2ab85c	4c1d10e6-c86a-4139-94f6-185a97377550	4fe8f85b-b46a-4e29-b152-8f46cfbd09ae	842A5261-5E7F-4AD7-A426-0CE48E937919	84fb7b6d-d38e-41b5-86e4-bb66266da91b	88E25F76-1B1F-4AFB-AB08-215D4F7F08B5	8eb57b3e-64eb-408d-ad2d-1ff2c0e69506	90E7F816-EAD8-413D-A5C4-3BB5B3C48461	955f7278-0d9c-4a27-8ca2-f05714e4bf48	995d2980-f6c2-4336-8f7f-4e2e4e387cf7	9CE6D6B5-0457-4127-99C8-0A5632B8BEE2	9D3DFA06-4C69-49A8-93C2-EE54AAB7B2D8	9a367db3-3cbf-4231-b6ea-686981433787	A2834ABA-B6C1-4E62-8682-D6FC9D093E49	A4153890-D27B-4F55-A5E5-5204B7F59392	A8AE9773-3287-43E4-A18A-1ACE7291E83F	A9522B26-CB18-4BDE-B2A4-8EF4701C29D8	BEDFA47C-8383-4AAF-A609-F96850B414A2	C262A55B-8CF2-4C47-A867-F010361E22AC	C5B06E27-6E58-4555-84D9-B14078219E18	a5e6c3d1-f729-4393-864b-f153863aec46	a9574e45-5dee-46f3-87db-f7e859b67cab	aa0338ae-c4e7-4f20-9be7-347aa5a2d8f2	b854167d-42a2-4144-92ee-0229536d4cea	c5fafb87-e6d6-409e-9872-117798b3d4c4	cd4545b1-1add-488f-80dc-17edaeb7cad6	cfd4785f-1844-4274-8892-e2e558cb112a	d5887688-b311-4ddc-84d4-538750849401	e59deb12-6554-4a53-80ee-ebebe64e851c	eb23bf14-0f53-4e8c-9d50-2d9743a620c3	ee665717-a903-44bc-8eaa-afb46bd4edf0	ff555cad-2ab4-425b-83b5-c56ac20905a8
ENSG00000138075.7	0.0107780658826	0.00852810989686	0.0379696370117	0.0520558594437	0.00190370576448	0.0109512050464	0.0235327327206	0.0165597703206	0.0280167454272	0.00163186449251	0	0.00786223106598	0.0207968578439	0.0286548462593	0.00726991018412	0.00797730085717	0.0476291530225	0.0244277172817	0.0289240487287	0.0624060261175	0.00385219153173	0.0112627884193	0.0511038425263	0.035324189923	0.0658375120548	0.0236436594334	0.0335528939025	0	0.00812413403048	0.0660170995286	0.0137122142593	0.0339508204711	0.0453299960568	0.00912180456502	0.00981051403092	0.0183451960062	0.0105142969907	0.048802586512	0.0305098701472	0.00387081517917	0.0289913477028	0.0384451971457	0.0388465026955	0.0269946624987	0.0411199410195	0.0474765773015	0.0390292853131
ENSG00000143921.6	0	0.0089281150515	0.00557902832759	0	0	0	0.00547478209634	0.00513673926144	0	0	0	0	0	0	0.0101478671238	0	0.00578123661779	0	0.00424992441081	0	0	0	0.00491961685186	0	0	0	0	0	0.00567012731583	0	0	0	0	0	0	0	0	0	0.00774325205168	0	0.00578117466923	0.0268322951936	0.0216899046945	0	0.00409987082799	0.0198813734591	0
ENSG00000234406.1	0	0	0.0518052630419	0	0	0	0	0	0	0	0	0	0	0	0	0	0	0.0575680128526	0	0	0	0	0	0	0	0	0	0	0.0263255911092	0.0475384456536	0	0	0	0	0	0	0	0	0	0	0	0	0	0	0	0	0
ENSG00000234286.1	0.560760910257	0.887400526331	1.71555121073	1.30904105286	0.24761487566	1.6523300705	3.26496095927	1.14876168938	4.99767239109	0.594318201188	0.874845999966	1.53395976742	2.59684401162	0.496951179881	0	0.553390381141	1.72385964603	2.54184918288	1.90087528193	1.66730596333	0.801686853037	0.852334604851	0.366735074411	1.40256665767	1.65363763097	1.32475716331	3.59406564057	0.780351148181	0.739693881656	3.57784979963	1.12108652845	0.623432589811	0.393071294479	1.3446688128	0.714589609413	0	5.53875519095	1.15413618452	1.87597879252	1.46008231304	0.538700366906	7.6883673103	0.505276188906	0.468159181796	2.63603058463	0.370516505374	2.81517019175
ENSG00000234936.1	0.125924639081	19.2300307209	1.23278303083	1.21638063524	0.427042338325	0.388960388281	2.51114361468	0.739503311137	2.99274351728	0.686367125743	0.73343454436	0.275573174298	0.758092496482	1.0043595611	1.01924871426	3.08188386884	1.93555220935	1.55672296062	0.882179661305	1.54493690625	0.252037858006	0.411511109079	2.66827409981	1.39017176952	3.05560894624	0.62897434952	1.60494510532	0.186918281725	0.512555290214	4.42215043576	0.311256435664	0.839989262025	0.988603934104	0.341036311376	1.02699813212	0.685870644654	1.35127208812	1.2854989211	0.674032581233	0.596961396225	3.2129822386	1.19030387394	3.41302639763	1.38771556463	1.1530114115	1.46437804762	1.85714497863
ENSG00000232627.1	0	0.353477089875	0	0.107881781131	0	0	0	0	0	0	0	0	0	0	0	0	0.472080644709	0	0	0	0	0	0	0	0	0	0	0	0	0	0	0.0206942572755	0.234857361186	0	0	0	0	0	0	0	0	0	0	0	0.121739897009	1.37748197541	0.07353200373
ENSG00000224643.1	0	0	0	0.0216245446265	0	0	0	0	0	0	0	0	0	0	0	0	0	0.0138375374277	0	0	0	0.01276003439	0.0219611037022	0	0	0	0	0	0	0	0	0	0.0470763778145	0	0	0	0.0327581112272	0	0	0	0	0	0	0	0	0	0
ENSG00000236654.2	0	0.229888179828	0	0.405381861948	0	0	0	0	0	0.0293262604451	0	0.0706461342161	0	0.0858261095689	0	0	0.260504756292	0	0	0.0909323999832	0	0	0	0.16705566554	0	0	0	0	0	0.1318215836	0	0	0	0.0273213470063	0	0	0	0	0.149534541433	0	0	0	0	0.0808535784986	0.395875208572	0	0.446342814912
ENSG00000106541.7	30.1130826228	23.9606914742	27.849617159	27.0267435198	10.9350732706	9.80587451764	73.3566149306	34.7455994943	12.7406061904	3.5185636974	13.6902380138	36.1892830739	0.0734213146519	3.84982140094	9.71495090839	19.4951213088	27.0583667654	9.4224875026	75.8427244351	16.1478682793	3.55609408212	23.3914169693	4.37333187549	0.0583432370054	1.76625355048	1.83827933812	30.824179571	35.1440533969	26.2223059605	2.19159753725	65.1711833374	10.3069257696	26.8006232574	6.61765278949	22.0022553381	2.83051221051	58.3707572537	3.01367472561	76.2507900247	0.308740028281	55.1396654077	0.147666042815	14.8547114704	2.15312084858	2.66913119537	1.4309056581	6.50671002602
ENSG00000106546.8	14.2265615395	6.35229600041	15.0902058232	9.53557685915	45.5643415056	43.9775010096	13.5137097436	18.2621375815	7.97308252927	24.2748528082	10.7116646825	46.6912773614	6.52619823626	13.4438592694	3.68247526762	32.6679152796	9.13294131105	12.9030995977	40.4649907683	11.5172348547	18.7769960971	42.4242159935	2.76052656081	10.63321224	7.08365808718	4.46308236379	7.70260211802	53.9651459685	36.5329171647	8.3303186281	46.4890734384	14.1602777725	9.03346995432	10.0714253663	17.1632770548	4.38756167325	9.68287670678	14.6371792514	4.44252957112	4.87583244682	7.14251502236	22.4059861421	4.74031141284	19.7669338123	8.00803068664	4.43852184804	5.7781516974
ENSG00000230042.1	0.120766280372	0.0716669476272	0.179133861362	0.116655299476	0.170645432383	0.0490825093646	0.153813343384	0.0824663260948	0.112115203302	0.146277973786	0.0628026997967	0.242260915075	0.116512516837	0.107024124583	0	0.119178952565	0.139219839636	0.0995302390885	0.119401114283	0.132290208409	0.0431631099339	0.103252507195	0.0592354468834	0.322890423425	0.178064895503	0.0203786870001	0.13268968673	0	0.295845724182	0.226022398989	0.19754084914	0.111886119908	0.126978603412	0	0.197865066118	0	0.368158742519	0.223700793596	0.0932338857729	0.19517303042	0.0232030579721	0.0807696536419	0.5223216507	0.0504117191241	0.181005592353	0	0.119268024122
ENSG00000232109.1	0	0	0	0	0	0	0	0	0	0	0	0	0	0	0	0	0	0	0	0	0	0	0	0	0	0	0	0	0	0	0	0	0	0	0	0	0	0	0.0590155387542	0	0.0440614790091	0	0	0	0	0	0
ENSG00000167863.7	26.4255758666	46.3963227482	32.1060993221	39.6065983505	20.8091832263	21.6263217739	34.450434885	41.4304849809	41.2175045161	25.7006687533	37.3063198076	25.746580204	53.4797861403	33.0301424071	46.9483644533	31.7819023974	42.7876729795	30.9372389714	37.7973130741	78.0301309293	33.8117974524	21.0236435511	63.559481727	54.3077959217	57.4394507726	64.7507645083	36.3404101982	45.3751852067	37.1271416533	41.3380919651	24.2744206089	30.9287171792	44.0531520639	36.9140317587	37.6630461477	57.894508815	32.8001158248	43.6918059784	45.0748757692	55.1844545084	41.7548471731	29.4381514105	47.3511815976	29.1791330827	40.297596742	16.4259259369	64.6509717239
ENSG00000157764.8	3.69753075781	3.75544931918	3.96053232304	4.84306051398	5.14623387314	5.1350896782	3.77056497343	3.40454838681	4.7786480745	4.62191187992	3.99132333456	3.54675241599	4.40335597734	3.84245476959	0.591426103649	3.39544050704	4.07439334149	3.93233618891	4.35201779007	4.82664448523	3.38995081493	4.66861814904	3.66356591802	5.33832655891	5.17298861908	3.9408061476	3.49424697194	1.90283891249	3.24345485097	4.22844398503	3.70881992715	4.5462930708	4.97854804958	4.16808468708	3.35839413957	1.66090299853	4.95791646508	4.02109719386	4.14405161109	4.66941133741	3.38193287856	2.78833236928	4.58168676473	4.08259161628	5.14887195409	1.09744989959	4.597395494
ENSG00000232004.1	0.0711398244914	0.10132048238	0.0791418230643	0.087043012668	0.0703655047653	0.0636087026968	0.103550704661	0.0728676905522	0.06340198296	0.0430840022153	0.1331827303	0.0570834803442	0.126286668355	0.0756536750068	0	0.0702047768836	0.0328041069973	0.0996715169297	0.0683260558665	0.0534364990675	0.0711930926092	0.0973167704438	0.0465251203343	0.0932618782922	0.0419570939014	0.0480179140101	0.0625308388849	0.0211195106108	0.053622744133	0.101672892816	0.170669311819	0.0527270288283	0.0149598638513	0.0842909123042	0.0777042843045	0	0.0624589537344	0.0644235705553	0.0951969365971	0.0306588342084	0.0328037554865	0.0824702685399	0.0102561383979	0.0831489249428	0.0891772826124	0	0.0234190820964
ENSG00000169193.7	1.23106764904	3.46512719958	2.69510678937	4.97665747179	2.42576087317	2.28135503527	2.5707687539	4.24371714084	4.13743629915	1.41588837613	1.10419529874	1.89696810562	2.54321552525	3.36052736426	0.578971551339	2.55794960894	4.07525883257	1.86629011131	4.80479693621	5.24569804433	1.96383639163	1.95486242918	3.93508026164	3.61195995547	6.201989562	2.74821806455	1.44775038479	1.84831115334	3.12859257269	4.51389593481	2.35443960926	2.48199343584	1.97128022289	2.8898904671	2.23082798488	0.75212719795	3.08498359027	2.23387122373	2.22052475667	2.71561127784	2.30668462177	5.33037243608	1.27615685559	2.86173839007	4.11808349361	0.572126190692	4.7442020277
ENSG00000242703.1	0.00643363367833	0	0	0	0	0.00522958700547	0.009364758849	0	0	0	0	0	0	0	0	0	0	0	0.00363480377241	0	0	0	0	0.00443909149766	0.005420644169	0	0	0	0	0	0	0.00476844567517	0	0	0.00468486677728	0	0.0125523699632	0	0	0	0	0	0	0	0	0	0
ENSG00000169826.6	6.25940772324	3.48995623106	5.7499009396	4.4885137057	13.0254267986	8.43434259535	5.75328901845	7.75502165112	6.02579774231	5.61103905737	4.43462048863	11.5017818787	3.19395836932	6.36867705107	1.92090713175	9.68621219431	4.23774505468	7.36929636168	11.0181442498	4.71745754913	11.0569806721	7.21066244545	1.63710019174	4.74099704457	3.36959203947	2.82386031865	6.33437647894	5.01045613465	7.96422803417	5.78904743414	9.97892505084	7.68070778408	4.70969235417	6.93072376913	7.58499160173	1.63471244849	5.26182836632	5.46985803303	3.20096381389	2.34489691819	3.54168211638	3.55205648441	4.27133448668	7.50296211092	3.65758305711	0.503666759837	3.29271295594
ENSG00000268001.1	0.610884790503	2.19526282439	1.5404238398	1.74076485993	2.02850532776	0.782079557544	2.16742563681	2.05097815585	1.19096068677	0.69368744552	0.529469180612	1.00635759043	1.728811423	3.12641981812	0.624939054222	3.28556216513	2.08139198882	0.81393393083	1.62786782174	2.67033683689	2.25978280886	1.19160187075	0.732445749173	1.47173580897	0.673398724023	1.10299514016	1.12985032388	1.04279326617	1.78813469077	1.4066213216	1.23609896052	2.62230607493	1.81273940554	1.16040101953	1.61994555909	0.966127526594	2.62707907085	1.59676997819	0.932749232036	1.95990243831	0.453832487874	0.594689990891	0.352281946232	2.70303080663	1.36507583348	0.578543928782	1.22337050644
ENSG00000263196.1	0	0	0	0	0	0	0	0	0	0	0	0	0	0	0	0	0	0	0	0	0	0	0	0	0	0	0	0	0	0	0	0	0	0	0	0	0	0	0	0	0	0	0	0	0	0	0
ENSG00000231009.1	0	0	0	0	0	0	0	0	0.00831782066953	0	0	0	0	0	0	0	0	0	0	0	0	0	0	0	0	0	0.00820353370473	0	0	0	0	0	0	0	0	0	0	0	0	0	0	0	0	0	0	0	0
ENSG00000270552.1	0	0	0	0	0	0	0	0	0	0	0	0	0	0	0	0	0.0518754060148	0	0	0	0	0	0	0	0	0	0	0	0	0	0	0	0	0	0	0	0	0	0	0	0	0	0	0	0	0	0
ENSG00000122591.7	0.739481650243	1.09794634591	1.16893071792	1.65645012831	3.08041788366	1.0018142733	1.29588321887	0.889128475213	1.43224617879	0.718313087823	0.271451565156	2.23491850795	1.39105798924	1.67817171366	0.320788861936	2.54987446233	1.47539868049	0.570013264249	3.21284264661	1.84064119694	2.07189171442	0.941060380927	0.529134574851	1.92386359845	0.822179909315	0.821125778461	0.563964758499	2.20178001092	3.09846457082	2.0140642771	3.12754437212	2.20416141766	1.47678215853	0.763286426831	0.800326776908	0.399810101301	1.76809926973	0.797394075582	1.00447497476	1.28518007115	0.812352049021	1.00336792551	0.447344479471	2.4016775963	1.30472176726	0.356393678936	0.82768178638
ENSG00000188732.6	0.51744254348	0.646572064907	0.866209977101	0.788473867819	0.473828229619	0.633636900191	0.778618547348	1.14261971132	0.833482881718	0.755357646347	0.472477055537	0.706873397248	0.473023946069	0.332308615308	0.13960800973	0.721529641488	0.91000020861	0.942627966954	0.563417003732	0.661253389741	0.81373284834	0.505091538282	0.314672757432	0.531366037687	0.495986760995	0.272153020275	0.656640184774	0.5685744354	0.613917867645	1.46076184248	1.21451040582	0.693315888964	0.313717852839	1.01159320456	0.424748691141	0.396901193562	1.37404859466	0.711461973923	1.12890759196	0.387112658828	1.18474353554	1.1206094522	2.22925171663	0.637331747489	0.811623798492	0.189447967349	0.499077030948
ENSG00000215354.5	0.00713169780921	0.00564293290934	0.00528926022519	0.00229630970153	0.00503862358156	0.00579700928817	0.0103808568387	0.00486994312762	0.00264832781901	0.00647869360953	0	0.00260116502717	0.00275219890357	0.00316008621145	0	0.00703796020128	0.00548096605706	0.0117552612513	0	0	0	0	0.011660244495	0.00246037159493	0	0.00481374890361	0.00261193976013	0	0	0.0169876800637	0.0155540286765	0	0.00499903905287	0.00603577249767	0.00259659282782	0	0.017392913912	0	0.0477169988137	0.00256126511322	0	0.00635966441577	0.0359858744287	0.00595399884354	0.019434642043	0.00314145975741	0
ENSG00000227436.1	0.0351089361501	0	0	0.0113045999492	0	0	0	0.023974448567	0	0.0212628228096	0	0	0.0135489161435	0.046670765361	0	0	0	0	0.0297531923507	0.0549416427219	0.0250965893136	0.0133410517178	0	0	0.0147904791862	0.0473956152997	0	0	0	0.0238941049082	0.0510477228368	0.039032775982	0	0	0.0511315057023	0	0.0342497239976	0.0289039359695	0.0903492413211	0.100871681026	0	0	0	0.0879335766158	0.038270247834	0	0
ENSG00000169813.12	45.948952398	42.2766694801	26.3791268707	38.511286471	72.4048884347	60.2473694812	48.5610563303	49.3079675726	57.3105898583	56.8461927314	58.2826815713	63.1950084755	31.8018926865	50.0484681508	13.7797538285	56.7724859158	35.0695047094	50.8459695984	70.2472657983	44.2019517118	58.2743382479	61.1960050484	28.8795838552	49.8201899781	54.127693211	37.7719997203	52.4040371266	54.4058037827	69.803668448	38.8754736376	55.6150934745	45.7470254004	47.6279188972	65.6182745812	44.8038364777	26.755873411	61.3360387297	51.0294235898	47.7325012812	33.7986063935	43.4000895257	56.7415300172	25.236875879	56.8677045346	39.9142243878	7.88324265906	42.4940274129
ENSG00000136231.9	0.00824406167265	9.51159305335	0.0122285011692	13.3770408718	0.0549169121485	0.0134023912306	0.519428876617	0.0168885919849	0.0638520518674	0.0249640179679	0.0171488044093	0.0326461339292	0.0881722263472	0.121070176417	0.00317754269591	0.0499764636006	14.7833661681	0.00485313702523	0.482398378701	6.2131477414	0.0143116315631	0.0568354510292	0.137100143697	0.0723220896779	0.231203116245	0.116856002861	0.0767774030373	0.0402079650079	0.152689047059	0.172327563686	0.237165585064	0.033170139555	9.66456713603	0.0757524552527	0.00514559213183	0.0471077733187	0.0287225243841	0.00581746472986	0.101833180842	0.130273328624	0.0271533847259	0.00735161066321	0.0229217643681	0.212379579475	17.9868838334	2.25046005017	11.0906603665
ENSG00000249628.2	0.145149377112	0.0459395907559	0.196847139337	0.0213650858784	0.0292998984025	0.14158181849	0.0301826526412	0.152922661794	0.0277203332615	0.0552551882776	0.00862660170977	0.181511168176	0.00640168069338	0.0441026181566	0.0167836569414	0.139148946685	0.0669315075123	0.13329722132	0.0820049026517	0.0415346998682	0.186760365614	0.025213870189	0.0162732051016	0.0257529751676	0.0139766050729	0.0195945670617	0.461733026558	0.123117047789	0.368863247209	0.0931395570511	0.38289488177	0.0645486163013	0.0581394239868	0.037438271115	0.247629226313	0.00705876387496	0.295331246461	0.317518765368	0.0683020826404	0.0178726923457	0.229476995352	0.0998509412834	0.140503155384	0.0692457209317	0.0226027218796	0.040189109292	0.0273044986958
ENSG00000207992.1	0	0	0	0	0	0	0	0	0	0	0	0	0	0	0	0	0	0	0	0	0	0	0	0	0	0	0	0	0	0.16051216356	0	0	0	0	0	0	0	0	0	0	0	0	0	0	0	0	0
ENSG00000090266.8	20.7121367389	45.0507425399	30.3681240405	47.5286970185	16.8246150696	19.1792416309	35.2224205791	47.2387774177	53.8487985252	24.4077315289	37.8937961231	19.9198030827	82.1067243181	19.9133461505	78.4502923129	26.8906255177	45.6372047137	33.4991658473	29.0702761872	71.5164206957	30.3408029785	19.9325452703	92.0717494886	54.2541730029	45.2597044479	75.2277924576	42.3903814802	22.184211534	23.7146157863	39.2370485901	25.3924712147	29.1105191042	42.3528132486	42.8532409504	32.462348954	29.2880414818	24.0246602868	31.4161475304	23.7842640683	59.7202457154	20.4477431016	18.214698121	25.4864854685	18.0690020884	45.3815066117	12.7664057292	66.2294506535
ENSG00000136243.12	3.05841548755	5.5054598565	4.20411106992	5.97069067533	3.76821139392	4.03760581843	5.40251339302	7.32855774424	7.38896069555	3.37754751158	3.50934057051	3.76757583366	3.84868381415	4.63479564285	1.13144204472	5.26106731789	5.17703205867	4.41951115741	4.5941437634	5.77196633834	4.67220168005	3.64310793841	3.5385547792	4.88401035662	5.86850224771	4.53217294977	4.85122938337	2.85124311002	4.93583628506	5.30782348025	7.04001367242	3.70300820492	4.8958357607	7.19076306196	4.2558618453	2.91255901007	6.45851879418	4.67862222412	4.75580245226	4.07158754043	5.68633921797	4.87867610569	9.49610650984	5.12684395636	5.26079031079	1.42895479525	4.54935293551
ENSG00000234800.2	0	0	0	0	0	0	0	0	0	0	0	0	0.0327814877879	0	0	0	0	0	0	0.0132930838958	0.0607209851612	0	0	0.0146527638842	0	0	0	0	0	0	0	0	0	0	0	0	0	0	0	0	0	0	0	0	0.0115743175388	0	0
ENSG00000152527.9	0.267024253479	0.508044696347	0.448991237054	0.498804696896	0.578927859368	0.83672328623	0.85004968239	0.242191902687	1.49418844041	0.372194525167	0.239563404736	0.640114314333	0.157324476217	0.256509676123	0.0989920052727	1.51973461902	0.690064215131	0.40990064098	2.44198128729	0.38022409933	0.422546438682	1.08050310529	0.197961430418	0.679304219475	0.437939546904	0.472603197329	0.350124482992	0.211039957695	0.334175741945	1.34285112534	0.337864816506	0.629237982255	0.535801936106	0.319722264327	0.212996384341	0.295770818986	1.61563104496	0.185430431313	1.31452037099	0.392379044334	1.60412754706	0.517133832577	1.56630994783	0.815137251537	0.587690533324	0.281934114968	0.165742332658
ENSG00000198915.7	0.115536322898	0.0587685491822	0.419871719011	0.0765280278467	0.644858776629	0.371630486679	0.386800161397	0.222033080516	0.0220648923079	0.368850280187	1.07119296159	0.381667106959	0.0917212317623	0.775233202766	0.431956922581	0.649901098649	0.0507393235185	2.22950685574	4.33981804496	0.0516576288394	2.32897423276	0.644114895866	0.138167273218	0.163991282016	0.0431098751975	0.0802127670097	1.23558212488	0.893015710461	1.28267140333	0.360577505576	0.77154308343	0.795159712703	0.0347084606725	0.304520773508	0.718724751939	0.442468727978	1.05946301671	0.923993105406	0.256545428485	0.125666049848	0.110356846117	0.300256166741	0.0582985387068	1.07205214909	0.251879105207	0.0407143116394	0.0391210116996
ENSG00000165731.13	0.0391253014625	0.0452459696374	4.97872998869	0.0174431284009	0.0595376046926	0.00978555358598	0.107329893417	1.19712977057	0.0603513395824	0.0610607875864	0.037562821797	0.0482994287975	0.0360050089561	0.0666791948685	0.203003046727	0.0905874548621	0.0185041232084	0.116579331237	7.06581515831	0.0367360889288	2.16856233569	0.0148672311817	0.0472389571903	0.131863876036	0.0202861158752	0.028440215336	6.38209305428	6.35711854245	2.40127252973	0.194585756004	1.38389640898	0.104841376073	0.0084385520358	0.00849049516636	0.265179917466	0.0409813116007	0.0117439377887	0.325821256294	0.0123919932249	0.0778230849415	0	4.69670907931	0.00433895781496	0.251263935583	0.03772730557	0.00530289348631	0.00396306700782
ENSG00000266467.1	0.0336362458753	0	0	0	0	0	0	0	0	0	0	0	0	0.0298087326858	0	0.0663882755899	0.0517013274712	0	0	0	0	0.0383443315311	0	0	0	0	0	0	0	0.022891835407	0	0	0	0	0	0	0	0	0	0	0	0	0	0	0	0	0
ENSG00000223113.1	0	0.151069375316	0	0	0.269782302624	0.155194220086	0	0.130375334588	0	0	0	0.278547614909	0	0.169200044579	0	0	0	0.157352568464	0	0	0	0	0	0	0	0.128870934934	0	0	0	0	0	0	0	0	0	0.162486021769	0	0	0	0.137137452062	0	0	0.13762760955	0	0	0	0
ENSG00000206866.1	0	0	0	0	0	0	0	0	0	0	0	0	0	0	0	0	0	0	0	0	0	0	0	0	0	0	0	0	0	0	0	0	0	0	0	0	0	0	0	0	0	0	0	0	0	0	0
ENSG00000207087.1	0	0	0	0.120652833103	0	0	0	0	0	0	0	0	0	0	1.26374139649	0	0	0	0	0	0	0	0	0.129272982306	0	0	0	0	0.141223264455	0.382528987923	0	0	0	0	0	0	0	0	0.192857632876	0	0	0.167074922175	0	0.312835341107	0	0	0
ENSG00000221468.1	0	0	0.118944883944	0	0	0	0	0	0	0	0	0	0	0	0	0	0	0.0660880787548	0	0	0	0	0	0	0	0	0	0	0	0	0	0	0	0.090488301285	0	0	0	0	0.0825430668709	0	0	0	0	0	0	0	0
ENSG00000252590.1	0	0	0	0.397226250524	0	0	0	0	0	0	0	0	0	0	0	0	0	0	0	0.386112959929	0	0	0	0	0	0	0	0	0	0	0	0	0.432378423927	0	0	0	0	0	0	0	0	0	0	0	0.672378815791	2.71712103941	1.82755310809
ENSG00000252532.1	0	0	0	0	0	0	0	0	0	0	0	0	0	0	0	0.152182354814	0	0	0	0	0	0	0	0	0	0	0	0	0	0	0	0	0	0	0	0	0	0	0.476210001178	0.221529730254	0.237028161439	0	0	0	0	0	0
ENSG00000258088.1	0	0.12826645074	0.13024625095	0.200085324978	0	0	0.432596326561	0	0.0200659016152	0	0	0	0.0834116562582	0.119717012674	0	0.0266626767194	0.363372537415	0	0.366341193148	0.186031513712	0	0	0.0795128101023	0	0.284547291621	0.0729458122267	0.0197901958645	0	0.0407301598293	0.275812679971	0.0196416777222	0.0400498024901	0.0568152241683	0	0	0.0459866099347	0.0527131870691	0	0	0.058218729649	0.124583534988	0	0.0194756051249	0.135337121961	0.12516485705	0.166615912794	0.160095622676
ENSG00000234944.1	0.0584807542056	0.143445395756	0.216862755149	0.0451920180001	0.00413173013062	0.0522897678528	0.72781222959	0.099835254753	0.416958665067	0.0460425710955	0.182472254952	0.00853194269704	0	0.367965674543	0	0	0.310117472422	0.10603396533	0.39978176054	0.0109819176176	0.0501638943922	0.159999217684	0.202704574749	0.0403506683393	0.0295636999369	0.753940081709	0.132792907023	0.112848913611	0.0617130834754	0.0278601917497	0.0340119600231	0.0953577852754	0.291048195219	0.326660655893	0.038326255514	0.059723566928	0.484921340205	0	0.0902965288116	0.130216571313	0.13932664682	0.0104299980588	0.139113088416	0.0488234852661	0.0318732665012	0.103041346302	0.311878228773
ENSG00000224265.1	0	0.162274009291	0	0	0	0	0.373153306566	0	0.114237076714	0	0	0.0187004472925	0	0.0454373521247	0	0.252988569383	0	0.0845116096608	0.260701884893	0	0.0366500063889	0.204568479729	0	0	0	0	0.150223277048	0.53274100551	0.0772935513897	0	0.298191813195	0.076002438485	0	0	0.112005459422	0	0.350118022553	0.0422100957509	0.158330690929	0	0.0788073171023	0.0457212702627	0	0.0856096713514	0.0279441323698	0.180678125383	0
ENSG00000270371.1	0	0	0	0	0	0	0	0	0	0	0	0	0	0	0	0	0	0	0	0	0	0	0	0	0	0	0	0	0	0	0	0	0	0	0	0	0	0	0	0	0	0	0	0	0	0	0
ENSG00000230555.2	1.27932805694	2.45239265521	1.28139636486	3.25294325881	0.875905041743	1.07206533612	2.75487793441	1.017699569	4.90745947252	1.38184567474	1.2071339982	0.91398436142	2.3616473939	2.57139541432	0.071168594434	1.19743484446	1.60151664648	1.40219772358	3.53193882565	1.8245107465	1.33873793074	2.10490198879	1.7078514633	2.9939452606	5.34502618284	2.31458981822	1.86452288748	0.665625839027	1.43155793337	2.79153884454	2.09982457007	1.74000582687	2.37594788543	1.89757539701	2.1897067317	0.24693599361	2.4188416919	0.857781347138	1.79205342549	5.98713244661	0.638572579665	2.18758230337	0.133100385551	3.12711853472	2.34337287938	0.290481690068	0.963873952841
ENSG00000236114.1	0.0510886914926	0.444661387589	0.219763101069	0.289517603593	0.0144378908132	0.0166110021499	0.2379660638	0.324443206486	0.204893105483	0.0804454300282	0	0.0745349122463	0.0552038917692	0.0814954343154	0	0.282336274986	0.30625526395	0.261051279485	0.225135521732	0.227052919224	0.0730384938738	0.0718288480228	0.384235365615	0.0352502780497	0.370184134004	0.0482773380104	0.314343355719	0.0910011940387	0.161737347212	0.271201744241	0.0705678829072	0.0605850223194	0.300813735301	0.0288252743645	0.111605847691	0	0.732624638936	0.10094279779	0.510109421922	0.0587132822285	0.388704439056	0.0637814050505	3.17816662572	0.0853042341957	0.523475352253	0.189035179347	0.148000959597
ENSG00000261778.1	0	0	0	0	0	0	0	0	0	0	0	0	0	0	0	0	0	0	0	0	0	0	0	0	0	0	0	0	0	0.0784111143827	0	0	0	0	0	0	0	0.0474257110305	0	0	0	0	0	0	0	0	0
ENSG00000267285.1	0	0	0	0	0.0616880265147	0	0	0	0	0	0	0	0	0	0	0	0	0.0143920032131	0	0	0.0249654224705	0	0.0114205391204	0.072293775819	0.0588527081206	0	0	0	0.0263255911092	0	0.0253904614458	0.0647146198773	0.0244813567554	0.0492641013093	0	0	0	0	0.0539262196456	0.0376291789195	0.0134205840536	0	0.113291020056	0	0.0190351145585	0.0307687922581	0
ENSG00000232818.2	0.977638240542	2.4362477174	0.916755691834	3.09720691972	0.635137707972	0.584588093598	1.69293212856	0.997546702425	1.8277291932	0.469581813831	0.864874847873	0.11476036825	1.04077548672	0.667221027809	2.12229216586	1.09786261572	2.1504158638	0.52788964252	0.907861515324	1.51934584008	2.16076851007	0.875356955619	1.82257464671	0.488469267782	2.1018730074	1.04671516098	0.765494538019	0.850687731493	1.41452831421	1.49895327629	2.213894529	0.424765870468	1.16577366541	1.31877569137	0.670986367711	1.09022291512	1.35931471857	0.666086667926	1.20298191628	0.9282145368	1.32996182511	4.11852794422	1.44184978839	1.21960190437	3.11125959885	1.27707734952	1.39832398685
ENSG00000165449.7	4.18386249655	11.1591618899	16.6707638895	14.9739709043	8.08843923918	14.8499825338	28.6217061144	31.7424164196	7.90709890313	12.673358363	2.54917932562	5.11913862451	9.72430053741	9.09980782123	3.48669821183	14.2487393046	12.546691208	2.57444803963	14.4269542778	9.51997496285	5.58633063483	4.34340324505	2.57623101975	11.7784777207	18.4767378892	8.03171720077	18.8440545525	7.25609588616	17.1086000851	7.26575991897	12.1516912333	13.9384264137	13.937974991	6.548899093	18.8652925729	2.13985828669	19.0395028408	19.7378414113	24.1356860221	15.3919357213	30.1051208728	18.272937042	25.5086942622	9.14182633691	8.98043581622	1.30314353127	14.6829494375
ENSG00000157800.13	2.21053163652	3.01425351617	3.22554304897	4.38822832057	3.79104268001	4.79796826761	3.81224491351	3.40554460587	4.30579984258	3.60860908868	3.93063757836	3.13316739536	2.89129750035	4.35340943939	1.15961521645	3.6220923994	4.02272754993	2.56381548437	3.99321300105	4.28560587937	3.76592834584	3.8941273728	2.53040014195	3.69777747228	4.18997875625	3.94070838933	3.97827608739	1.87459193715	3.54723416575	3.8477136601	7.38685692428	3.53288771744	4.2848362867	2.70170138305	2.68853301021	1.32775695159	7.1397816332	3.89689918743	4.43294780879	3.96297187452	3.52867056543	2.92012659005	4.30537976049	3.42384512304	3.78411533429	0.82484948063	4.74642729545
ENSG00000212264.1	0	0.223412456453	0	0.181828917493	0	0	0	0	0	0	0	0	0	0	0	0	0.542499844592	0	0	0.176741847855	0	0	0	0	0	0	0	0	0	0	0	0	0	0	0	0	0	0	0	0	0	0	0	0	0.615558070794	0.248750517692	0
ENSG00000196663.11	5.16454732998	5.35588748372	5.74348897455	5.68245400716	4.02840693728	5.1053341582	4.89996935685	4.81842728742	4.38146787982	5.26190740721	4.16165597089	4.90652985837	3.82781859342	4.7718685846	2.10525257128	4.67923441455	6.27427894645	4.070642532	5.18929515787	4.59342344033	3.9330038106	4.27645536195	4.21238261021	4.06608576522	3.82309299209	3.3122055032	4.51765209206	4.16124633619	4.13359471703	4.29195567779	5.30299971955	4.39468266698	4.3928408423	5.46386761675	4.30365421516	1.86991386465	4.09825649614	3.77340668473	4.38488052378	3.84383827032	3.94857495065	5.33224314439	3.17922857961	4.24481287117	5.75649126818	2.93696056937	4.79701314156
ENSG00000261115.1	2.80279451621	3.49573794642	8.76921660977	5.86280955461	1.06380182548	0.699053641097	6.3353316829	4.37834213669	5.32497588497	0.411067557056	0.516451359526	2.10858550738	9.39184376628	7.7251500858	0.310734228476	6.23341390505	4.82901500391	0.0591294733632	3.92646305616	4.97904989224	1.42046388248	2.14908097195	4.35811774002	7.32645922171	6.16261794042	4.69165816827	3.41039237779	1.28076167225	4.27582095422	3.90365944585	3.53578316678	6.01447852317	6.39222104877	0.100135387088	7.18697302692	0.821879639685	0.480718649189	2.19941313106	6.40956476126	15.4233137542	1.24351607958	0.0824989467851	2.23200926393	4.17550327695	1.70303143503	0.259480197208	4.1469058408
ENSG00000164548.6	10.8189894263	24.2039692405	22.4924572561	25.4029633001	12.8906219684	12.1821503945	24.2839596604	40.1883081285	21.763793061	13.4946839275	10.3303653616	15.1956398837	10.2646334372	18.1449723574	4.56887802493	22.1188136463	26.8746029384	22.2173234039	20.6871114389	29.2391890748	20.0911509497	13.0461389666	16.6662759781	16.02742318	22.2447418775	11.1184168821	18.3324363033	17.9932343851	23.5667125877	31.3129968222	20.3420130259	22.7420058274	14.795679771	20.1385369043	16.7715592391	14.2296579005	25.4886475213	22.5946284686	22.1617335399	12.3025867831	42.8091668107	19.9336871062	59.6613338804	19.664183585	30.0376056722	18.8869278166	23.9879339984
ENSG00000271932.1	0	0	0	0	0	0	0.13635789053	0	0	0	0	0	0	0.166037426923	0	0	0	0	0	0	0	0.0711938367369	0	0	0	0	0	0	0	0	0	0	0	0	0	0	0	0	0	0	0	0	0	0	0	0	0
ENSG00000111186.8	0.88710617519	2.44658695633	0.739088419397	0.380848164701	1.71574964413	1.33239915781	0.650716957736	0.94442620421	0.764331400385	0.533022665455	0.174359551213	2.87549458562	0.181505120305	0.897585602338	3.44254311381	0.900721579711	0.638826646266	0.25138032279	0.702451791901	0.368735634496	1.07018444323	0.296392924255	1.77399041003	0.391992917774	0.0863173052435	0.128870934934	1.11539474643	3.49934469585	2.45003501256	0.535599821031	1.45064169727	0.686837832298	0.143623959632	0.128743518088	1.77346747298	0.509254970667	6.99585419281	1.74242392819	0.359508130971	0.394688276667	0.957334995822	0.40280385999	0.683102891301	0.890290866798	0.280450687829	0.664605912775	0.194689003836
ENSG00000200847.1	0	0.311025184474	0.655946051163	0.949253907502	0	0.159758755971	0	0	0.656863191108	0	0	0	0.151694727803	0.174176516478	1.06055160333	0	0.151048976337	0	0.277599229285	0	0	0.0746837306946	0.192805572209	0.0678049466015	0.248393047509	0.13266125655	0	0.0729347805163	0	0.802560817799	0.285767154312	0.14567134043	0.551070540299	0.166338789127	0	0	0.76692519226	0	0.606934315227	0.282341813069	0.151047357779	1.57738382406	0.425026441256	0.164085203424	0.910512979717	0.173149870158	0.129401908525
ENSG00000201354.1	0	0.145525545029	0	0	0	0	0	0	0	0	0	0	0.141952864549	0	0	0	0.141348583362	0	0	0	0	0	0	0	0	0	0	0	0	0	0	0	0	0	0	0	0	0	0	0	0	0	0	0	0	0	0
ENSG00000152518.5	33.3903081295	121.409135179	39.2198710097	155.255305028	96.571717575	85.0900809816	132.794968793	47.9777527439	314.403111508	42.7466903813	75.0922501845	69.2689359974	41.7340269561	71.9436666821	28.5404163918	79.9859092634	137.347779783	41.4860940803	105.240932229	106.083125425	60.1432157872	96.1018365076	133.576702014	127.107747293	201.500526259	86.1989127145	77.5297414822	51.085130522	84.7943300902	357.374947018	33.2767964765	90.9498777493	267.506950675	27.0963007162	48.1506399101	55.6329981353	166.752227076	43.8078837788	113.396218084	78.4469081249	111.501516628	21.6207425669	34.221183312	143.923766797	98.5186868897	29.8058106443	155.809560993
ENSG00000196793.9	1.97355879944	1.11902125956	0.915553236816	1.44071697081	1.43103436431	1.73410520531	1.64860439629	2.26156257457	1.72091698268	1.371858853	2.02770869077	1.52998577838	1.16863586835	0.924058832538	0.355701145557	1.23007499228	1.1790128149	2.49904602306	1.3587646931	1.0878182485	1.730584379	2.48206571701	1.58855192854	1.66769360493	1.28582259906	1.56132094247	3.01412018561	1.13265475809	1.57492927504	2.74610786003	6.26182009157	1.34431016991	1.61861871133	2.38933836594	1.67857152145	0.265197393043	2.24483802788	1.60173770478	1.51745673951	1.35443047513	1.77771121079	4.29290655453	1.68757011072	1.60095886003	1.55901305734	0.218214383994	1.82544884429
ENSG00000243660.5	0.690528020842	2.25006992448	0.692192160137	1.82229612547	1.04602905901	0.98671727184	1.60617791979	1.35344972118	3.12291478893	1.31486096489	1.08040094159	0.974045672445	0.875474635146	1.23272158744	0.534223656055	1.15670070559	2.1105473406	1.73518928237	2.67692293121	2.1910971448	0.95449000657	0.98227565511	2.04847786427	1.32088397465	2.75811458153	1.00471741411	1.96053380691	1.39866233655	1.47898916483	1.67666219688	1.19353315641	1.14749800388	1.94450114116	0.852201467581	1.63166552835	0.777348999322	2.70033949097	1.30080336175	1.56294322073	1.15921577629	1.94994132214	1.02925051322	2.38122814617	1.07657093562	2.29173785127	1.42882159085	1.54079985422
ENSG00000238868.1	0.385523125802	0.610087861852	0.142962600894	0.744799219732	1.63425817936	0.156686472202	0.140291291219	0.526515774298	1.00213743259	0.116741075233	0	0.28122595736	0.223166282248	2.39157755318	1.56023457028	0.570683830552	0	0.15886557393	0.217808626054	0.603301499888	0.137789927866	0.0732475051043	0.630325909144	0.665010053207	0.649643355023	0.520440314156	0.141195435879	0.4291931315	0.581188049873	0.131187825986	0	0.714349842492	1.21606431729	0.54379988753	0.421097448404	1.06631451786	1.12826494631	0.634774901485	0.198420833824	0.830736488454	0.888855605394	1.20326073759	1.38950951949	0	0.420236759869	0.679280259852	0.380740230852
