OM	POS	ID	REF	ALT	QUAL	FILTER	INFO	FORMAT	0569a3fc-932d-4acc-8c2d-3bf9999c3138	06dfc16a-ca37-46ca-8abb-20c1295e8f3a	180bbc51-bde0-4489-ad9d-ec66b632839b	1c4c0193-231e-4559-b362-94c10bbd7f67	1c6abcc3-1a61-441a-921d-6d06f762c1a3	1fe18f38-fe1c-4684-b3a5-2985d577536e	2125f0b1-c6b9-4b65-a6db-9fd4422e7c7e	22898cc2-01f2-4e03-a2a5-a4c6f9f836ce	23aa8b80-6356-479f-beae-d06aa7d895dc	3537e160-d1b4-40be-9152-2db2d8ac8a73	385b3242-e4b2-4574-9289-48b8826ae644	48b6e8f8-3784-4f66-892f-5c294e06c306	60ecca33-9f6a-4c77-a862-6f3d723029c9	62c780b8-c3a9-4c61-a1bc-18a80c5ca48d	6f8f241c-648e-42c0-8660-600b58036c3a	7aeb39cd-79b5-4b8b-b801-9ea170d402c5	876b9a95-f58f-427b-bfd1-6919adda895d	8b4e9b9d-c2d3-4b38-b7a1-3642e56555d3	93f3e9bc-7221-4442-af55-1004bdf61842	97808f8d-720c-41c2-ba0d-59922e48a182	9d555b5f-01c2-4422-b5c0-76b0146bbff8	9dcf95bf-fb65-4589-90cb-302da798f00b	9ee50075-10f8-4945-8391-66c5e87d3333	a4765371-2387-4002-9887-2615e5136f7b	a78604a5-9aa0-4d49-b007-24c54f34ea21	ae3bdd94-c5b3-4d12-9b54-00ad13bdd3a2	af0cf9aa-5510-4af9-9bb4-a7e25e446245	b939ae95-590a-427b-a9c4-51b165347cf8	bba5ac91-59b6-4cae-9199-e31d43571f57	c978bbee-66b4-4c0c-aa14-7667a1765dbb	d078cbf9-7e5f-47cb-9f33-725a33f31c1b	d2657b4b-d086-43dd-a2f5-0bd9c7d4e4ba	d2f5c569-964a-4cb4-a77e-a3df7bfbe36a	d60fc127-2b47-4ce1-a120-f43adc2ae776	d6ea054f-372b-4fc7-a9f4-c61f74f8f1ee	deb47ec0-3300-4e16-867e-cc3fe8cc3e57	e20b80fd-0ac9-4507-b307-3915e218603e	e20e9f74-04bd-477e-a3f6-4e2cceb6d41e	e3d4072c-07ef-4978-a687-43828578a9b3	e6101d92-5616-476e-8b38-8b6847ae3d48	e9058fde-c9df-49ec-94f3-b918a84c4c2e	ea378b05-b95e-468d-b026-5a3b783795dc	ea509942-fcac-486f-ac3d-37457bab29db	eb3f3419-5880-410e-8504-1988487dacd1	edbd0ee1-d300-4fbc-a490-29b3648fd480	f1f40ef8-e5bc-440d-915f-048bb283a01c	ffa84a31-0507-4efa-856a-7a3c74ba1ac5	variant_id
10	43562108	.	G	A	.	PASS	AN=5284;AC=1634	GT	0|1	0|0	0|0	0|1	0|0	0|0	0|1	0|0	0|0	0|1	0|0	0|0	0|0	1|1	1|0	0|0	0|1	0|0	1|0	0|1	0|0	0|1	0|1	1|0	0|0	1|1	1|1	1|0	0|0	0|1	0|0	0|1	0|1	0|0	1|1	1|0	0|0	0|0	0|0	0|0	0|1	1|0	0|0	0|0	0|0	0|0	0|0	10_43562108_G_A_b37
10	43562340	.	C	T	.	PASS	AN=5284;AC=1634	GT	0|1	0|0	0|0	0|1	0|0	0|0	0|1	0|0	0|0	0|1	0|0	0|0	0|0	1|1	1|0	0|0	0|1	0|0	1|0	0|1	0|0	0|1	0|1	1|0	0|0	1|1	1|1	1|0	0|0	0|1	0|0	0|1	0|1	0|0	1|1	1|0	0|0	0|0	0|0	0|0	0|1	1|0	0|0	0|0	0|0	0|0	0|0	10_43562340_C_T_b37
10	43563260	.	A	G	.	PASS	AN=5284;AC=995	GT	0|0	0|0	0|0	0|0	0|0	0|0	0|1	0|0	0|0	0|1	0|0	0|0	0|0	0|0	0|0	0|0	0|1	0|0	0|0	0|0	0|0	0|1	0|1	1|0	0|0	0|1	0|0	0|0	0|0	0|1	0|0	0|0	0|0	0|0	1|1	1|0	0|0	0|0	0|0	0|0	0|1	0|0	0|0	0|0	0|0	0|0	0|0	10_43563260_A_G_b37
10	43563348	.	A	T	.	PASS	AN=5284;AC=5185	GT	1|1	1|1	1|1	1|1	1|1	1|1	1|1	1|1	1|1	1|1	1|1	1|1	1|1	1|1	1|1	1|1	1|1	1|1	1|1	1|1	0|1	1|1	1|1	1|1	1|1	1|1	1|1	1|0	1|1	1|1	1|1	1|1	1|1	1|1	1|1	1|1	1|1	1|1	1|1	1|1	1|1	1|1	1|1	1|1	1|1	1|1	1|1	10_43563348_A_T_b37
10	43563451	.	G	C	.	PASS	AN=5284;AC=1655	GT	0|1	0|1	0|0	0|1	0|0	0|0	0|1	0|0	0|0	0|1	0|0	0|0	0|0	1|1	1|0	1|0	0|1	0|0	1|0	0|1	0|0	0|1	0|1	1|0	0|0	1|1	1|1	1|0	0|0	0|1	0|0	0|1	0|1	0|0	1|1	1|0	0|0	0|0	0|0	0|0	0|1	1|0	0|0	0|0	0|0	0|0	0|0	10_43563451_G_C_b37
10	43568887	.	T	C	.	PASS	AN=5284;AC=4057	GT	1|1	1|1	1|0	1|1	0|0	1|1	1|1	0|1	0|1	1|1	1|1	0|0	0|1	1|1	1|1	1|1	1|1	1|1	1|1	1|1	0|0	0|1	1|1	1|1	1|1	1|1	1|1	1|0	0|0	1|1	0|1	0|1	0|1	0|0	1|1	1|0	0|1	1|1	0|0	1|1	0|1	1|0	0|1	0|1	1|1	1|1	1|1	10_43568887_T_C_b37
10	43570925	.	A	G	.	PASS	AN=5284;AC=3868	GT	1|1	1|1	1|0	1|1	0|0	1|1	1|1	0|1	0|1	1|1	1|1	0|0	0|1	1|1	1|1	1|1	1|1	1|1	1|1	1|1	0|0	0|1	1|1	1|1	1|1	1|1	1|1	1|0	0|0	1|1	0|1	0|1	0|1	0|0	1|1	1|0	0|1	1|1	0|0	1|1	0|1	1|0	0|1	0|1	1|1	1|1	1|1	10_43570925_A_G_b37
10	43580015	.	A	G	.	PASS	AN=5284;AC=3854	GT	1|1	1|1	1|0	1|1	0|0	1|1	1|1	0|1	0|1	1|1	1|1	0|0	0|1	1|1	1|1	1|1	1|1	1|1	1|1	1|1	0|0	0|1	1|1	1|1	1|1	1|1	1|1	1|0	0|0	1|1	0|1	0|1	0|1	0|0	1|1	1|0	0|1	1|1	0|0	1|1	0|1	1|0	0|1	0|1	1|1	1|1	1|1	10_43580015_A_G_b37
10	43581501	.	A	G	.	PASS	AN=5284;AC=3842	GT	1|1	1|1	1|0	1|1	0|0	1|1	1|1	0|1	0|1	1|1	1|1	0|0	0|1	1|1	1|1	1|1	1|1	1|1	1|1	1|1	0|0	0|1	1|1	1|1	1|1	1|1	1|1	1|0	0|0	1|1	0|1	0|1	0|1	0|0	1|1	1|0	0|1	1|1	0|0	1|1	0|1	1|0	0|1	0|1	1|1	1|1	1|1	10_43581501_A_G_b37
10	43582273	.	A	C	.	PASS	AN=5284;AC=3842	GT	1|1	1|1	1|0	1|1	0|0	1|1	1|1	0|1	0|1	1|1	1|1	0|0	0|1	1|1	1|1	1|1	1|1	1|1	1|1	1|1	0|0	0|1	1|1	1|1	1|1	1|1	1|1	1|0	0|0	1|1	0|1	0|1	0|1	0|0	1|1	1|0	0|1	1|1	0|0	1|1	0|1	1|0	0|1	0|1	1|1	1|1	1|1	10_43582273_A_C_b37
10	43617104	.	A	G	.	PASS	AN=5284;AC=2719	GT	1|0	0|0	1|1	1|0	1|1	1|1	1|1	0|1	1|1	0|0	1|1	0|0	1|1	0|0	0|0	1|0	0|1	0|1	0|1	1|0	0|1	1|1	1|1	1|1	1|0	0|0	0|0	0|0	0|1	1|1	1|1	1|0	0|0	0|0	1|1	1|0	1|1	0|1	0|1	1|0	0|1	0|0	0|1	0|0	1|1	0|0	1|1	10_43617104_A_G_b37
10	43698980	.	C	G	.	PASS	AN=5284;AC=2685	GT	1|1	0|1	0|0	0|1	0|0	0|1	0|0	1|0	0|0	1|1	0|0	1|1	0|0	1|1	1|1	0|1	1|0	0|1	1|0	0|1	1|0	0|0	1|0	0|0	0|1	1|1	1|1	1|1	1|0	0|0	0|0	0|1	1|1	1|1	0|0	0|1	0|0	1|0	1|0	0|1	1|0	1|1	1|0	1|1	0|0	1|1	0|0	10_43698980_C_G_b37
10	43732129	.	C	T	.	PASS	AN=5284;AC=3710	GT	1|1	0|1	1|0	0|1	1|1	0|1	0|0	1|1	1|1	0|1	0|1	1|1	0|1	1|1	1|0	1|1	1|0	1|1	1|1	0|1	1|1	1|1	1|0	1|1	1|1	1|1	1|1	1|1	1|1	0|1	1|1	1|1	1|1	1|1	1|0	0|1	1|1	0|1	1|1	0|1	1|1	1|1	1|0	1|0	1|0	0|0	0|0	10_43732129_C_T_b37
10	43748563	.	C	T	.	PASS	AN=5284;AC=863	GT	0|1	0|0	0|0	0|1	0|0	0|0	0|0	0|0	0|0	0|1	0|0	1|0	0|0	1|1	1|0	0|0	1|0	1|0	1|0	0|1	0|0	0|0	0|0	0|0	0|1	0|1	1|1	1|0	0|0	0|0	0|0	0|0	0|1	0|0	0|0	0|0	0|0	0|0	0|0	0|1	0|0	1|0	0|0	0|0	0|0	0|0	0|0	10_43748563_C_T_b37
10	43753532	.	C	T	.	PASS	AN=5284;AC=1120	GT	0|0	1|0	0|0	0|0	0|0	0|0	0|0	1|0	0|0	0|0	0|0	0|1	0|0	0|0	0|0	0|0	0|0	0|1	0|0	0|0	1|0	1|0	0|0	0|0	0|0	1|0	0|0	0|1	1|1	0|0	0|0	0|0	1|0	1|1	1|0	0|1	0|0	0|0	1|0	0|0	1|0	0|1	0|0	0|0	0|0	0|0	0|0	10_43753532_C_T_b37
12	1442943	.	G	A	.	PASS	AN=5284;AC=1851	GT	1|0	0|0	1|1	1|0	1|0	1|0	0|0	0|1	0|1	0|0	1|1	1|0	0|1	0|0	0|0	0|1	0|1	1|0	0|0	0|1	0|0	0|1	1|1	1|1	0|0	0|0	1|1	0|0	0|0	0|0	1|0	1|1	0|1	0|0	1|1	0|0	1|1	0|0	1|1	0|0	0|0	1|1	1|0	0|0	1|1	0|0	0|0	12_1442943_G_A_b37
12	1607334	.	G	A	.	PASS	AN=5284;AC=3096	GT	1|0	0|1	1|0	0|1	1|1	0|0	1|0	0|0	1|1	0|1	1|1	1|0	1|1	1|1	0|1	1|1	1|0	0|0	1|1	1|0	0|0	0|1	1|1	1|0	1|0	1|1	0|1	1|1	0|1	0|1	1|0	1|0	0|0	0|0	1|0	1|1	0|0	1|1	1|1	1|0	1|0	1|0	0|0	0|0	0|1	1|0	0|0	12_1607334_G_A_b37
12	1612295	.	G	A	.	PASS	AN=5284;AC=2264	GT	1|0	0|0	1|0	0|1	1|1	0|0	0|0	0|0	1|1	0|1	1|1	1|0	1|1	0|1	0|1	1|0	1|0	0|0	1|0	1|0	0|0	0|0	1|0	0|0	1|0	0|1	0|1	0|1	0|1	0|0	1|0	1|0	0|0	0|0	0|0	1|1	0|0	1|1	0|0	1|1	0|0	0|0	0|0	0|0	0|1	1|0	0|0	12_1612295_G_A_b37
12	1613442	.	G	A	.	PASS	AN=5284;AC=2274	GT	1|0	0|0	1|0	0|1	1|1	1|0	0|0	0|0	1|1	0|1	1|1	1|0	1|1	0|1	0|1	1|0	1|0	0|0	1|0	1|0	0|0	0|0	1|0	0|0	1|0	0|1	0|1	0|1	0|1	0|0	1|0	1|0	0|0	0|0	0|0	1|1	0|0	1|1	0|0	1|1	0|0	0|0	0|0	0|0	0|1	1|0	0|0	12_1613442_G_A_b37
12	1615814	.	T	C	.	PASS	AN=5284;AC=2031	GT	1|0	0|0	1|0	0|1	0|1	0|0	0|0	0|0	1|1	0|1	1|1	1|0	1|1	1|1	0|1	1|0	1|0	0|0	1|0	1|0	0|0	0|0	1|0	0|0	1|0	0|1	1|1	0|1	0|1	0|0	1|0	1|0	0|0	0|0	0|0	1|1	0|0	1|1	0|0	1|1	0|0	0|0	0|0	0|0	0|1	1|0	0|0	12_1615814_T_C_b37
12	1748385	.	G	C	.	PASS	AN=5284;AC=424	GT	0|1	0|0	0|0	1|0	0|0	0|0	0|0	0|0	0|0	0|0	0|0	0|0	0|0	0|0	0|0	0|0	0|0	0|0	0|0	0|0	1|0	0|1	1|0	0|0	0|0	0|0	0|1	0|0	0|0	0|0	0|0	0|0	0|0	0|0	0|0	0|0	0|0	0|0	0|0	0|0	1|0	0|0	0|0	0|0	0|0	0|0	0|0	12_1748385_G_C_b37
12	1748650	.	C	A	.	PASS	AN=5284;AC=4220	GT	1|1	1|1	1|0	0|1	1|1	0|1	1|1	1|0	1|1	1|1	1|0	1|1	1|1	1|1	1|0	0|1	0|1	0|1	1|0	1|1	1|1	1|0	1|0	1|1	1|1	1|1	1|0	1|1	1|1	1|1	1|1	1|1	0|0	0|0	1|1	1|1	1|1	1|1	0|1	1|0	0|1	1|1	1|1	1|1	1|1	0|1	1|0	12_1748650_C_A_b37
12	1748653	.	C	A	.	PASS	AN=5284;AC=4221	GT	1|1	1|1	1|0	0|1	1|1	0|1	1|1	1|0	1|1	1|1	1|0	1|1	1|1	1|1	1|0	0|1	0|1	0|1	1|0	1|1	1|1	1|0	1|0	1|1	1|1	1|1	1|0	1|1	1|1	1|1	1|1	1|1	0|0	0|0	1|1	1|1	1|1	1|1	0|1	1|0	0|1	1|1	1|1	1|1	1|1	0|1	1|0	12_1748653_C_A_b37
12	1748834	.	T	C	.	PASS	AN=5284;AC=4171	GT	1|1	1|1	1|0	1|1	1|1	0|1	1|1	1|0	1|1	1|1	1|1	1|1	1|1	1|0	1|0	0|1	0|1	0|1	1|0	1|1	1|1	1|0	1|0	1|0	1|1	1|1	1|0	0|1	0|1	1|1	0|1	1|1	0|0	1|1	1|1	0|1	1|1	1|1	0|1	1|0	1|1	1|1	1|1	1|1	1|1	0|1	1|0	12_1748834_T_C_b37
12	1808613	.	C	G	.	PASS	AN=5284;AC=4916	GT	1|1	1|1	1|1	1|1	1|1	0|0	1|1	1|1	1|1	1|1	1|1	1|1	1|1	1|1	1|1	1|1	1|1	1|1	1|1	1|1	0|1	1|1	1|1	1|1	0|1	1|1	1|1	1|1	1|1	1|1	1|1	1|1	1|1	1|1	1|1	1|1	1|1	1|1	1|1	1|1	0|1	1|1	1|1	1|1	1|1	1|1	1|1	12_1808613_C_G_b37
